01100
00101
10111
00110
01001
00111
01110
01110
01011
10010
00011
00110
01110
11000
00100
11011
01100
10101
01110
10101
01101
00110
01000
10000
11001
00110
00110
11011
10011
01101
01101
00010
00010
10011
00011
10101
10011
11011
01101
00111
01010
11000
00111
01111
01111
01011
00000
00101
00101
10101
00111
01101
10111
00110
01100
00001
01000
00001
00100
01000
01100
00010
11010
00100
00000
11001
00001
01000
00000
01101
00101
00100
00011
00011
00000
01011
00011
00101
11010
01010
01000
10100
00111
11000
00001
01010
00101
10110
00011
00001
00111
01101
00111
00100
00000
00100
00111
01110
11111
01110
