000010110
000000101
000010110
000010010
000000101
000010010
000010110
000000001
000000101
000000101
000000101
000010110
000000001
000100010
000000001
000000001
000000001
000010111
000010010
000000001
000010010
000010110
000010110
000010110
000010010
000010110
000000001
000000001
000000001
000000001
000010010
000010111
000010110
000000001
000000101
000010111
000010011
000100010
000110001
000000100
000010110
000010010
000010011
000000001
000010010
000010110
000000101
000010011
000010110
000000001
000010110
000000101
000010010
000000001
000000101
000000101
000010010
000000101
000010010
000000001
000000001
000010010
000010010
000010010
000000001
000010010
000010110
000010110
000010010
000010111
000010110
000000001
000100110
000010110
000000001
000010010
000010010
000000101
000000101
000000001
000010010
000100110
000000101
000000001
000010110
000000101
000000101
000010111
000000001
000010010
000010111
000000001
000010110
000000001
000010110
000000001
000000101
000000101
000100110
000010110
